20.000000 0.000000 0.000000 0.000000 0.000000 0.000000 0.000000 0.000000 0.000000 0.000000 0.000000 0.000000 0.000000 0.000000 0.000000 0.000000 0.000000 0.000000 0.000000 0.000000 0.000000 0.000000 0.000000 0.000000 0.000000 20.000000 
20.000000 10.063810 6.175873 4.384500 3.438568 2.888928 2.552426 2.345293 2.225505 2.170417 2.166840 2.205746 2.278579 2.374209 2.477318 2.571421 2.649635 2.720006 2.807634 2.954748 3.219771 3.696425 4.572447 6.298154 10.123975 20.000000 
20.000000 14.079372 10.255192 7.923573 6.480861 5.564742 4.975511 4.603270 4.386345 4.289357 4.291234 4.377603 4.534399 4.740977 4.963682 5.158767 5.307149 5.422788 5.555813 5.791615 6.227933 6.993500 8.295222 10.496206 14.197752 20.000000 
20.000000 15.998496 12.841970 10.573768 8.996599 7.913714 7.181659 6.705990 6.427314 6.309504 6.331209 6.479111 6.740515 7.091696 7.477742 7.792891 7.997476 8.108251 8.201275 8.428018 8.906894 9.754457 11.118764 13.193715 16.170835 20.000000 
20.000000 17.072657 14.540452 12.532972 11.018110 9.911924 9.131500 8.611806 8.307513 8.190241 8.245098 8.467231 8.856967 9.407667 10.062811 10.537689 10.781718 10.811561 10.713107 10.812368 11.217234 11.998725 13.231704 14.989082 17.291890 20.000000 
20.000000 17.751697 15.714248 13.999613 12.631016 11.584461 10.820715 10.302336 10.000819 9.898986 9.991854 10.287895 10.812604 11.619346 12.828292 13.513482 13.780280 13.643296 13.027341 12.891216 13.151038 13.791579 14.820300 16.239058 18.007660 20.000000 
20.000000 18.219907 16.565276 15.120284 13.921970 12.974296 12.264689 11.776148 11.494595 11.413195 11.535613 11.880072 12.486393 13.429005 14.837711 15.627841 15.902792 15.674155 14.861888 14.574244 14.704233 15.196339 16.018928 17.139235 18.499716 20.000000 
20.000000 18.562681 17.206717 15.994358 14.962385 14.126191 13.487742 13.043137 12.788399 12.723780 12.857536 13.210597 13.824105 14.772783 16.185918 16.977582 17.249086 17.008826 16.171976 15.839784 15.895436 16.270720 16.919917 17.799292 18.851997 20.000000 
20.000000 18.824131 17.704612 16.688136 15.807137 15.080484 14.517118 14.120444 13.892290 13.836206 13.960385 14.280912 14.826888 15.652344 16.875832 17.567712 17.827364 17.660291 16.977593 16.717646 16.767149 17.071305 17.590817 18.286079 19.109010 20.000000 
20.000000 19.029265 18.099530 17.246532 16.497671 15.871643 15.379984 15.029435 14.824332 14.768608 14.867138 15.126040 15.550453 16.134137 16.817616 17.310321 17.552605 17.547604 17.360664 17.286238 17.384364 17.656661 18.086063 18.645263 19.297997 20.000000 
20.000000 19.193432 18.417783 17.700897 17.065508 16.528600 16.101935 15.793196 15.607236 15.547014 15.613787 15.805934 16.115031 16.516418 16.950452 17.303620 17.525387 17.617096 17.631438 17.682472 17.827575 18.085047 18.451615 18.910984 19.437750 20.000000 
20.000000 19.326719 18.677345 18.073876 17.535007 17.075489 16.706164 16.434407 16.264655 16.198693 16.235345 16.369170 16.587616 16.866349 17.164446 17.428603 17.628498 17.764204 17.865751 17.984841 18.158591 18.404482 18.724476 19.109382 19.542057 20.000000 
20.000000 19.436139 18.891079 18.382366 17.925302 17.532367 17.213036 16.973850 16.818545 16.748035 16.760022 16.848089 17.000221 17.197223 17.412683 17.618140 17.796077 17.945731 18.082760 18.232759 18.417648 18.649962 18.932539 19.260088 19.621134 20.000000 
20.000000 19.526796 19.068544 18.639323 18.251620 17.915826 17.639977 17.429650 17.287905 17.215163 17.208918 17.263248 17.368269 17.509952 17.671228 17.835495 17.992222 18.140147 18.287038 18.446002 18.629464 18.845331 19.095745 19.377375 19.682430 20.000000 
20.000000 19.602542 19.217054 18.854878 18.526178 18.239521 18.001611 17.817111 17.688525 17.616077 17.597534 17.628024 17.699967 17.803400 17.927089 18.060689 18.197450 18.335862 18.479483 18.634961 18.809057 19.006302 19.227849 19.471314 19.731250 20.000000 
20.000000 19.666355 19.342330 19.037072 18.758839 18.514652 18.310047 18.148892 18.033268 17.963365 17.937410 17.951649 18.000483 18.076899 18.173340 18.283013 18.401305 18.526629 18.660308 18.805513 18.965683 19.143120 19.338150 19.548857 19.771295 20.000000 
20.000000 19.720587 19.448911 19.192351 18.957597 18.750377 18.575235 18.435372 18.332541 18.266975 18.237375 18.240970 18.273713 18.330672 18.406651 18.497002 18.598398 18.709291 18.829836 18.961305 19.105216 19.262490 19.432881 19.614744 19.805110 20.000000 
20.000000 19.767117 19.540447 19.325926 19.128959 18.954192 18.805337 18.685040 18.594788 18.534876 18.504414 18.501422 18.523012 18.565706 18.625870 18.700215 18.786251 18.882541 18.988657 19.104849 19.231553 19.368879 19.516245 19.672199 19.834438 20.000000 
20.000000 19.807467 19.619899 19.442047 19.278248 19.132249 19.007063 18.904864 18.826920 18.773566 18.744236 18.737550 18.751469 18.783535 18.831168 18.891988 18.964090 19.046189 19.137604 19.238064 19.347423 19.465355 19.591120 19.723433 19.860476 20.000000 
20.000000 19.842882 19.689694 19.544203 19.409853 19.289634 19.185968 19.100621 19.034664 18.988449 18.961645 18.953311 18.962021 18.986038 19.023515 19.072709 19.132149 19.200726 19.277692 19.362544 19.454861 19.554116 19.659533 19.769999 19.884062 20.000000 
20.000000 19.874394 19.751847 19.635296 19.527430 19.430594 19.346698 19.277155 19.222847 19.184115 19.160787 19.152237 19.157480 19.175293 19.204356 19.243390 19.291263 19.347056 19.410059 19.479707 19.555486 19.636819 19.722976 19.813020 19.905802 20.000000 
20.000000 19.902869 19.808052 19.717770 19.634066 19.558722 19.493201 19.438596 19.395609 19.364543 19.345325 19.337552 19.340553 19.353483 19.375409 19.405405 19.442623 19.486333 19.535922 19.590866 19.650666 19.714787 19.782600 19.853350 19.926148 20.000000 
20.000000 19.929048 19.859758 19.793724 19.732415 19.677117 19.628891 19.588536 19.556577 19.533259 19.518564 19.512239 19.513849 19.522827 19.538538 19.560341 19.587629 19.619856 19.656547 19.697271 19.741613 19.789135 19.839344 19.891668 19.945459 20.000000 
20.000000 19.953581 19.908236 19.864994 19.824807 19.788508 19.756787 19.730169 19.709002 19.693458 19.683540 19.679106 19.679892 19.685551 19.695691 19.709903 19.727798 19.749015 19.773228 19.800137 19.829447 19.860852 19.894014 19.928549 19.964033 20.000000 
20.000000 19.977051 19.954629 19.933239 19.913349 19.895367 19.879635 19.866411 19.855870 19.848100 19.843108 19.840828 19.841139 19.843874 19.848846 19.855857 19.864715 19.875243 19.887274 19.900654 19.915232 19.930851 19.947338 19.964503 19.982133 20.000000 
20.000000 20.000000 20.000000 20.000000 20.000000 20.000000 20.000000 20.000000 20.000000 20.000000 20.000000 20.000000 20.000000 20.000000 20.000000 20.000000 20.000000 20.000000 20.000000 20.000000 20.000000 20.000000 20.000000 20.000000 20.000000 20.000000 
